160
167
177
186
194
205
213
224
237
249
261
269
282
290
301
315
327
337
350
360
374
385
398
408
423
435
446
457
467
477
489
500
512
526
539
549
558
570
580
590
599
614
625
633
644
652
661
669
677
685
694
701
710
719
725
733
739
744
749
754
759
768
774
778
782
785
788
791
793
791
790
792
794
796
797
797
795
797
797
792
790
786
783
780
772
769
765
760
752
748
743
736
727
722
712
705
698
690
678
672
664
657
646
638
626
617
607
594
584
576
563
554
542
531
520
507
498
488
476
461
447
433
419
411
403
392
384
373
361
352
340
328
320
310
300
287
276
262
251
238
231
222
212
203
193
184
174
164
155
148
137
134
125
117
109
103
96
91
84
79
74
66
64
60
58
54
52
49
48
43
41
40
39
39
40
41
38
43
43
45
45
48
51
54
58
61
65
72
75
81
84
89
96
107
114
120
125
134
141
148
162
168
180
190
199
208
214
225
236
245
258
267
280
289
298
311
325
339
347
365
375
387
395
404
416
432
445
456
469
478
485
494
509
520
530
543
553
565
573
579
587
595
608
618
628
637
644
651
659
667
678
689
700
706
712
718
727
735
740
748
751
754
760
762
767
771
775
780
781
786
789
790
791
794
793
791
787
788
788
785
779
778
779
775
772
770
763
760
756
750
747
742
735
728
722
715
709
701
693
684
675
665
659
650
642
632
617
609
599
590
583
570
558
550
537
525
513
503
493
482
467
458
444
433
419
408
395
387
373
363
347
337
326
315
304
290
283
268
255
246
236
226
217
210
200
189
179
168
162
153
146
138
127
122
113
106
99
92
88
82
77
73
67
63
59
57
52
50
44
45
41
42
38
38
39
40
41
44
42
45
50
50
55
58
62
62
67
72
78
84
89
92
102
106
110
121
129
136
145
152
