793
788
784
783
784
785
788
786
784
781
777
773
768
762
758
752
746
740
734
728
722
713
705
697
688
680
671
664
655
645
635
625
614
604
593
584
573
562
552
542
529
519
510
499
488
475
462
446
432
422
413
404
394
385
376
366
353
341
331
320
310
301
290
277
265
254
243
234
224
215
205
195
186
176
168
158
152
142
134
125
117
109
102
95
90
85
79
73
69
65
59
55
53
51
47
45
45
41
42
40
41
42
43
42
44
44
48
50
51
54
56
60
65
70
74
79
83
90
94
102
108
115
123
130
136
146
152
162
171
181
188
196
206
212
223
234
245
257
268
278
288
302
311
321
334
349
362
374
385
396
405
417
429
443
454
464
476
486
497
508
518
529
541
552
563
572
580
588
596
606
617
627
635
643
650
659
667
675
686
697
703
709
715
724
730
738
743
749
754
760
761
765
769
775
779
782
784
786
788
789
791
791
790
789
787
784
782
780
778
776
775
770
767
762
758
753
748
743
736
730
724
719
712
706
698
690
682
672
664
656
646
637
627
615
606
596
586
579
569
556
546
534
523
512
501
491
479
466
455
442
430
416
406
394
383
369
359
345
333
321
311
301
290
277
266
254
245
233
224
214
205
195
185
175
168
160
153
143
137
128
122
112
104
98
92
85
80
76
71
66
61
58
54
51
48
45
42
42
42
39
40
40
40
41
42
46
47
48
51
54
58
62
66
70
74
80
85
91
93
101
105
113
119
128
135
141
151
161
169
177
187
198
205
219
229
239
251
261
271
283
294
304
315
325
339
351
364
375
387
399
410
423
434
442
454
468
479
491
504
513
527
538
549
561
570
581
592
601
613
624
634
646
653
663
673
684
694
702
708
715
721
726
728
732
740
748
756
761
767
773
776
780
784
787
790
791
793
793
797
799
