162
171
178
185
194
208
216
226
238
249
257
269
281
289
300
311
322
335
352
361
372
385
397
408
419
433
443
454
469
475
489
499
513
526
537
546
559
567
580
590
600
611
624
632
641
652
660
669
679
686
695
704
710
718
725
732
739
744
748
755
761
767
771
776
780
782
785
789
790
789
790
790
794
798
798
795
794
795
796
794
786
787
784
778
773
766
764
756
751
746
742
733
726
719
712
704
698
688
679
672
664
656
646
638
626
618
607
595
588
575
566
555
541
532
523
511
499
492
475
463
446
431
420
413
404
396
385
374
364
355
342
332
319
309
301
289
275
264
252
243
234
226
212
205
193
182
174
165
159
149
141
132
126
117
111
104
98
92
88
80
74
68
64
59
57
55
52
50
47
44
44
41
43
41
40
40
41
41
43
43
47
49
52
55
61
63
69
72
77
78
85
93
96
104
113
119
126
137
140
150
160
171
180
190
197
207
215
226
232
245
257
269
281
289
298
307
325
337
349
362
373
384
392
404
415
429
444
455
468
478
487
497
510
520
532
543
556
564
573
581
589
599
609
619
629
639
645
652
662
669
680
689
699
706
712
718
723
732
740
744
749
752
758
761
767
769
774
779
784
788
788
788
790
792
790
790
790
787
787
782
780
778
776
772
771
762
761
755
751
748
742
737
729
724
717
712
704
701
690
684
672
664
658
649
638
629
617
610
599
592
582
568
560
550
538
522
516
503
488
483
470
457
442
431
414
403
392
381
368
358
345
331
322
309
301
286
278
268
255
243
233
222
213
203
194
184
175
167
154
151
138
131
123
117
109
103
98
88
87
79
74
66
62
59
59
53
49
47
45
44
41
40
38
39
38
39
38
39
42
43
48
47
52
55
56
62
65
67
77
77
83
90
96
103
112
119
127
132
142
150
