503
515
526
539
551
562
570
582
590
600
612
621
634
645
652
662
675
684
694
701
706
713
716
719
723
729
740
748
754
762
765
768
775
781
787
790
789
792
793
795
799
798
790
789
787
788
789
789
791
791
788
783
780
778
772
765
761
756
751
744
739
730
724
717
709
698
691
686
675
667
656
651
642
628
617
607
595
589
576
565
557
546
533
524
512
499
484
468
454
434
419
410
397
390
383
374
367
359
352
343
332
320
310
302
288
278
265
257
245
234
227
218
209
197
185
179
169
159
152
141
135
124
119
111
104
101
91
88
81
78
72
67
61
59
55
53
50
50
48
46
43
41
41
43
42
44
43
44
47
48
49
52
56
60
63
68
74
78
85
86
92
98
106
115
122
127
133
142
150
161
172
179
190
199
206
216
222
231
245
256
268
280
291
299
310
324
337
350
362
374
386
397
406
420
432
445
455
466
476
485
498
510
521
528
543
554
562
570
579
587
597
608
619
631
638
644
653
660
671
680
692
702
707
713
720
728
736
741
749
753
756
760
765
770
775
780
784
787
788
789
791
795
796
794
792
793
793
791
787
787
784
783
780
777
771
768
764
758
752
748
741
736
731
726
719
712
703
696
687
678
668
660
652
643
632
621
612
602
593
586
574
564
553
543
530
517
508
496
486
471
461
447
434
423
411
403
390
378
364
351
340
325
317
306
294
280
273
260
252
240
227
218
212
200
191
182
171
162
153
146
138
129
124
113
109
103
96
90
85
78
73
67
65
62
59
55
50
48
46
45
45
43
41
42
45
44
44
47
48
52
52
54
57
59
65
67
74
78
81
89
92
100
110
113
123
132
136
144
150
161
170
178
190
196
211
217
229
237
248
258
272
279
294
303
315
325
339
351
363
375
387
398
412
420
432
446
460
471
484
496
