789
787
787
783
783
781
780
777
774
770
766
760
755
751
744
739
733
727
722
716
708
701
693
684
675
667
659
650
640
629
618
608
597
590
580
571
561
549
537
526
514
503
492
480
468
457
443
432
419
408
398
385
373
361
349
336
323
313
302
293
281
268
257
247
236
227
217
207
198
188
178
169
159
152
145
136
129
121
113
107
100
94
89
82
77
73
68
64
60
56
54
52
49
47
45
43
43
42
42
42
43
44
44
47
48
52
53
58
61
65
68
74
79
84
91
95
102
109
115
123
131
137
146
154
161
171
180
189
199
208
219
227
238
249
262
273
283
293
304
315
328
340
352
363
376
387
398
411
424
435
447
459
472
483
495
506
517
529
541
553
563
574
583
594
604
614
624
636
645
653
663
674
684
692
702
711
716
721
725
729
733
740
748
755
762
768
772
776
781
785
789
791
792
793
794
798
799
797
793
789
789
789
790
791
791
789
786
781
777
772
767
761
756
750
744
738
731
724
717
708
699
691
682
675
667
655
645
637
627
617
606
595
585
576
565
553
541
531
521
511
497
486
472
461
445
431
419
409
399
390
380
371
361
349
338
326
317
307
297
288
275
264
254
242
232
222
214
204
194
183
176
166
157
149
140
131
125
118
109
103
97
90
86
81
75
70
65
61
55
54
52
50
46
46
43
42
41
40
41
41
42
42
44
46
47
49
53
56
60
65
68
74
77
83
88
94
100
107
114
122
129
135
145
152
160
171
180
191
200
208
217
225
236
246
258
268
281
290
300
312
324
334
347
362
374
386
394
407
417
430
442
455
465
476
486
497
508
519
531
542
554
565
571
579
589
596
608
617
628
634
645
651
659
669
678
688
697
705
709
717
725
730
739
745
750
755
759
763
766
771
775
779
782
784
788
788
790
789
790
790
