153
163
170
179
190
198
208
218
225
239
249
259
274
283
292
305
316
327
338
350
364
376
385
400
409
423
435
448
455
470
477
489
502
515
529
542
551
563
571
581
593
604
613
624
634
643
654
663
672
682
691
699
707
715
720
728
735
738
743
752
757
763
768
773
778
780
782
788
791
792
792
794
793
798
800
795
794
791
794
797
792
790
786
785
780
776
771
767
762
757
749
744
737
729
723
715
707
700
692
681
675
666
656
648
639
628
618
607
598
587
575
564
554
542
535
523
512
500
491
477
463
447
434
420
412
406
396
384
377
366
351
344
335
324
313
299
288
277
264
254
243
231
222
215
203
196
185
175
168
158
148
143
134
124
117
112
104
96
92
87
81
75
71
66
61
57
55
51
51
50
48
43
42
42
40
42
44
43
43
46
45
47
49
52
56
59
64
68
71
77
83
88
96
102
109
113
124
125
138
144
152
161
172
180
192
200
209
218
226
235
246
256
270
279
291
303
311
326
336
351
361
376
386
394
407
417
432
444
457
469
477
488
499
511
521
528
543
556
567
572
581
590
600
610
620
629
636
646
654
662
669
680
690
700
707
713
720
728
733
740
749
753
758
761
764
769
771
776
781
785
789
792
789
793
793
793
794
792
791
786
786
782
780
778
776
770
767
767
762
755
750
745
740
735
728
724
715
710
701
692
685
677
666
661
650
640
630
618
607
599
590
582
570
560
546
538
526
515
506
494
483
470
457
442
428
418
409
396
383
371
359
348
335
325
314
301
293
279
267
257
248
235
228
215
205
195
189
178
171
161
152
145
133
129
122
113
109
100
91
84
80
79
73
70
64
61
57
56
51
51
46
43
44
43
42
42
43
43
43
46
49
48
54
53
56
58
63
69
73
80
84
89
97
99
110
117
123
131
136
144
