793
792
792
789
786
784
782
781
778
775
770
767
761
757
751
745
740
733
729
723
717
709
701
693
684
675
667
660
650
641
630
618
608
598
590
582
572
560
549
537
527
516
504
494
482
470
457
445
434
420
409
399
386
374
362
349
337
325
314
304
294
282
270
259
247
238
227
218
209
198
188
179
171
161
153
145
139
129
122
114
108
100
95
89
84
78
74
68
64
60
58
54
52
50
47
47
44
43
43
43
43
44
45
45
49
50
52
54
59
61
65
71
74
79
84
90
95
103
109
118
124
131
139
146
155
163
173
181
192
200
209
220
230
241
250
262
272
284
294
306
316
327
339
352
364
375
387
399
411
424
435
446
457
471
483
494
506
517
529
541
553
564
572
583
593
604
614
625
634
646
653
664
674
684
693
702
709
716
721
725
729
734
741
749
756
763
767
772
776
780
785
787
790
792
793
795
798
799
798
792
789
788
788
788
791
791
788
785
781
778
772
767
762
757
750
745
738
732
725
718
709
701
693
684
677
668
658
648
640
630
619
607
596
586
577
567
556
544
534
523
512
501
491
478
465
449
434
423
414
404
396
385
377
366
354
343
331
320
312
301
290
277
265
256
244
233
225
216
205
195
185
177
168
159
150
143
135
126
119
112
105
100
94
88
82
76
71
67
63
60
57
55
51
49
46
46
44
44
43
42
44
44
45
45
47
49
51
54
58
62
65
70
74
78
83
89
95
103
109
115
124
130
138
145
153
162
171
181
191
200
208
215
226
236
246
259
270
282
292
301
312
324
338
353
365
377
387
396
407
419
431
444
457
469
478
489
499
510
521
532
542
555
565
573
583
592
600
611
620
630
638
645
651
658
667
676
688
696
702
710
717
723
732
739
746
751
756
761
763
767
771
775
780
783
786
787
790
791
792
792
