799
794
791
788
788
788
789
788
787
787
782
780
775
770
765
761
754
749
743
737
729
723
716
708
698
689
682
674
665
656
646
638
627
616
605
594
585
576
564
554
542
531
521
510
499
489
476
464
447
432
421
412
404
394
384
375
363
352
340
329
318
309
299
288
276
264
254
242
232
223
214
203
193
184
174
166
157
150
141
133
126
118
111
103
97
92
87
81
76
71
65
62
59
56
53
50
47
44
43
44
41
40
41
41
42
45
45
47
50
51
52
56
59
64
69
74
77
83
88
94
99
106
114
121
129
136
144
151
160
169
181
189
199
207
215
225
235
246
256
268
278
291
301
312
325
339
352
365
378
388
399
410
423
433
446
457
468
479
489
498
510
521
532
543
556
565
573
582
591
600
608
619
629
637
646
653
662
670
680
689
699
706
711
719
727
734
741
747
752
758
761
764
769
772
778
780
784
787
788
789
792
792
791
792
792
789
788
786
784
782
780
778
775
771
766
761
755
750
744
739
732
726
722
716
708
701
692
684
674
666
658
649
638
629
617
606
596
588
580
570
559
547
535
525
513
503
492
480
469
452
439
427
416
403
393
382
369
358
345
333
319
309
299
289
277
266
253
243
232
224
215
206
197
186
175
167
157
148
142
132
125
116
110
103
96
90
85
80
76
68
63
60
56
53
50
47
45
42
41
41
40
37
37
38
39
40
41
44
46
48
51
55
59
62
67
70
77
83
88
94
99
107
114
120
127
136
144
151
162
170
181
189
198
209
219
228
238
250
260
272
283
292
304
315
326
338
351
363
375
388
398
410
422
434
444
457
471
483
495
505
516
528
539
552
562
572
582
592
602
611
622
633
643
651
662
672
682
692
701
708
715
719
722
725
731
739
747
754
761
766
770
775
779
785
787
790
792
793
795
796
