18
18
22
21
21
22
22
22
22
23
21
22
21
21
21
21
20
18
17
18
17
17
16
18
19
19
18
18
19
19
20
18
18
19
20
18
19
17
19
18
18
18
20
19
19
19
18
18
17
18
17
18
19
18
17
18
17
17
18
19
19
18
17
17
18
19
18
18
17
19
17
17
17
18
18
18
17
20
21
20
20
18
20
21
21
20
19
19
21
21
20
20
19
19
18
17
18
18
18
18
18
18
18
19
18
18
18
19
18
17
23
23
20
21
20
21
20
21
19
22
19
19
18
19
18
19
19
18
18
19
19
19
18
17
19
19
19
19
20
21
20
18
19
19
18
19
18
19
18
20
21
22
22
21
21
19
21
20
19
19
20
20
18
20
20
18
19
20
20
20
19
18
20
20
20
19
20
20
18
19
21
20
21
19
19
20
21
20
21
20
20
19
20
21
17
20
21
21
21
19
20
20
22
22
20
22
21
22
21
22
21
21
20
20
20
19
18
18
20
18
18
19
19
21
22
22
21
20
22
22
21
22
21
21
21
21
22
20
22
20
20
20
21
20
18
18
18
20
17
17
17
17
19
18
20
20
20
19
20
20
21
20
20
19
21
21
19
21
20
20
21
19
20
20
19
20
20
20
21
21
20
19
20
20
18
18
19
18
20
19
20
19
17
17
17
18
18
17
17
17
18
18
18
19
17
17
17
18
18
18
18
18
17
17
18
18
17
17
18
17
18
19
18
18
18
19
18
17
18
18
18
17
17
17
18
17
17
18
18
17
18
19
18
18
17
18
19
18
17
18
19
20
22
20
22
21
21
22
21
22
22
22
21
20
20
22
22
21
20
22
21
22
21
21
22
22
21
22
23
21
22
22
21
22
22
22
22
21
21
22
22
21
22
22
21
22
21
22
21
22
