789
788
788
786
781
780
779
776
774
774
769
767
762
755
749
745
740
733
729
722
716
710
701
693
684
675
667
658
651
639
629
617
607
597
587
582
571
560
550
537
528
515
504
493
481
469
457
444
432
419
409
396
385
372
362
348
337
324
312
302
291
281
269
256
246
236
227
217
208
197
189
178
170
159
153
145
136
129
121
113
105
99
92
86
84
77
73
69
64
60
56
52
50
48
45
44
43
44
43
44
41
44
43
47
47
51
52
54
56
61
64
69
75
79
83
90
95
100
109
113
124
131
137
145
153
162
171
180
191
201
209
219
228
240
251
262
273
283
292
304
314
327
339
352
364
376
388
397
409
421
433
445
457
470
481
494
504
515
528
540
551
561
572
583
594
601
613
624
632
644
652
662
673
684
693
701
709
716
720
726
727
732
741
749
755
761
767
772
776
780
785
787
790
792
793
795
796
799
797
791
788
787
788
789
790
790
788
783
781
776
772
767
761
755
749
744
737
729
723
715
708
700
691
684
677
667
659
647
638
627
618
607
595
585
575
564
555
543
533
522
512
500
489
476
463
448
433
421
413
403
395
385
375
362
352
339
329
319
309
299
289
277
264
252
243
231
223
214
204
193
184
176
166
157
150
142
133
125
118
110
103
98
92
86
81
75
71
66
63
59
55
53
51
49
45
43
43
41
42
41
41
43
44
46
47
49
50
53
56
59
64
69
74
78
83
87
93
100
108
113
122
129
136
145
152
161
170
180
189
199
208
216
226
235
246
256
269
280
290
300
312
325
338
352
364
377
389
399
408
421
433
446
457
467
479
488
498
511
520
532
541
552
562
572
578
586
595
606
616
625
635
643
650
659
670
679
685
695
703
709
717
723
729
738
743
748
754
759
765
765
770
775
778
780
784
784
786
789
790
791
