78
114
143
166
191
216
240
270
297
316
341
361
380
406
427
446
471
498
517
523
531
553
568
582
597
612
625
636
648
658
669
682
692
702
711
718
727
736
743
751
758
765
771
776
782
787
793
798
803
808
812
816
820
823
828
831
835
837
841
843
845
848
848
852
854
856
857
859
861
863
864
866
868
869
870
871
873
876
877
878
879
880
881
882
882
883
884
884
884
885
884
885
885
886
886
886
886
886
886
886
886
885
885
885
885
884
884
884
883
883
883
882
882
880
880
878
878
877
877
874
874
872
871
870
868
867
865
863
861
859
857
856
853
851
849
846
842
841
838
834
831
828
824
819
816
812
807
804
798
793
787
782
776
769
764
758
749
742
734
725
719
708
700
689
680
668
660
645
636
621
606
592
582
568
546
531
517
495
482
460
440
422
399
378
353
329
310
291
264
240
210
187
159
133
105
75
69
586
549
61
