57
73
109
139
165
191
218
245
266
294
316
342
364
381
403
430
448
464
493
511
526
534
553
569
584
598
610
624
634
645
659
671
681
693
700
709
716
726
734
742
749
759
765
769
776
780
786
793
800
805
810
814
818
822
826
830
833
836
840
843
844
848
850
852
855
858
859
861
863
864
865
868
870
870
873
874
874
876
876
878
879
879
881
882
882
883
884
883
884
885
885
885
886
886
886
887
887
887
887
886
888
887
887
887
887
887
885
886
885
884
884
884
883
882
882
880
879
877
878
877
876
875
873
871
871
870
867
866
864
862
861
857
856
854
853
849
846
844
841
838
835
831
828
825
821
816
811
807
804
799
792
788
781
777
769
762
756
750
742
735
729
719
710
701
688
683
669
657
644
629
622
604
597
579
562
548
529
513
492
478
464
442
421
398
375
353
333
311
285
263
240
214
185
157
129
100
69
150
594
404
