884,886,884,884,884,886,886,887,887,887,889,888,890,889,890,892,892,892,893,894,895,894,896,897,899,899,901,902,904,906,907,909,909,911,913,914,916,917,919,921,922,925,926,928,930,932,934,935,937,939,941,943,943,946,946,948,949,950,951,951,952,951,951,951,950,949,946,944,940,936,932,925,920,911,901,892,878,863,849,832,816,794,770,743,713,681,649,614,579,539,488,441,388,336,281,226,184,117,555,283
78,121,209,267,297,357,425,463,510,565,598,631,661,702,728,754,788,808,826,847,860,871,887,900,908,918,925,930,935,939,944,946,949,951,951,953,953,953,953,953,952,951,950,949,948,947,945,944,941,939,938,936,935,932,931,929,927,925,923,921,920,918,917,916,914,912,911,909,908,907,905,905,902,902,900,899,898,896,896,895,894,893,893,892,891,890,891,888,889,888,888,889,888,888,886,888,887,888,885,885
888,886,888,889,887,888,889,889,889,889,891,889,892,891,893,894,892,895,895,896,897,898,900,900,901,902,904,905,905,908,909,910,911,912,914,915,918,918,921,923,924,926,927,930,931,933,935,937,939,940,942,943,945,947,948,950,950,951,951,952,953,953,953,951,951,949,946,944,940,936,930,925,919,911,903,891,879,866,847,830,816,795,769,745,716,677,642,610,576,538,491,440,388,333,280,224,175,123,747,471
97,111,212,279,312,362,424,465,510,561,606,633,665,702,727,758,782,804,828,844,858,869,884,894,903,913,920,927,931,936,939,942,945,947,949,949,950,950,950,950,949,949,947,946,945,943,942,940,939,937,935,934,931,930,928,926,925,922,921,918,917,916,913,912,910,909,907,905,905,903,902,901,900,898,898,897,896,895,895,893,892,892,892,890,889,889,888,888,886,887,887,885,885,884,885,884,886,884,886,886
884,886,885,885,886,885,886,889,889,890,890,890,890,890,892,892,892,892,893,894,895,898,898,900,900,902,904,904,906,907,909,910,910,912,913,916,917,919,921,922,925,926,928,930,931,934,935,938,938,940,942,943,945,947,948,949,950,952,952,953,954,954,954,952,952,950,947,945,941,937,931,927,921,913,903,892,880,865,852,836,820,797,771,746,714,683,651,615,579,539,491,442,388,338,282,230,186,119,549,288
78,122,206,265,298,360,423,461,508,566,601,630,668,695,729,759,786,806,826,846,857,871,886,899,907,917,925,930,934,939,943,946,949,951,951,952,952,953,953,952,951,950,949,948,946,945,943,942,940,938,937,935,934,931,931,928,925,925,922,921,919,917,915,913,912,910,910,908,906,905,903,903,901,900,899,898,898,896,895,894,893,892,891,891,890,889,889,887,888,888,886,888,888,887,884,888,887,887,885,884
884,883,884,886,883,883,885,884,886,884,887,886,887,887,888,890,889,891,893,893,894,894,895,896,897,898,899,900,902,904,905,907,909,909,911,912,914,916,917,919,921,922,924,926,928,930,932,934,935,937,938,941,942,943,945,946,947,947,948,949,950,950,949,949,947,946,944,941,938,932,927,921,915,909,899,889,876,860,843,828,812,790,768,742,709,675,642,604,572,534,488,439,387,332,271,221,176,120,759,482
94,105,207,277,308,353,419,467,500,558,607,628,662,699,722,751,781,802,821,841,854,865,878,891,900,909,917,924,927,932,936,940,942,944,946,947,947,947,947,947,945,945,943,943,941,940,939,937,935,934,932,930,929,928,925,923,922,919,918,916,915,912,911,910,907,907,904,903,902,901,900,898,897,895,895,894,893,892,890,890,890,889,889,888,887,887,885,886,885,884,882,883,882,882,882,881,884,881,883,883
882,883,882,882,882,883,882,885,885,886,886,887,887,886,889,890,889,891,890,893,893,895,895,896,897,897,899,901,901,903,904,907,907,909,911,912,915,916,918,919,921,923,924,926,927,930,931,933,935,936,939,940,941,943,944,946,947,948,949,949,950,950,950,949,948,947,944,941,937,933,928,923,918,909,899,889,875,860,847,830,813,794,767,740,711,679,647,611,581,537,484,441,387,329,279,231,178,111,392,284
75,116,205,261,293,357,418,457,505,562,599,624,666,697,724,754,784,803,823,844,855,869,883,896,905,913,922,927,932,937,941,944,946,948,949,950,951,950,950,949,949,948,947,945,944,943,941,940,938,936,935,933,932,929,928,926,924,922,920,918,917,915,913,911,910,908,907,906,905,904,902,901,899,898,897,895,895,894,893,892,891,891,889,889,889,887,887,887,888,886,884,885,885,886,883,885,884,885,882,882
