63
80
114
138
163
191
217
242
268
296
320
337
358
384
400
426
449
466
494
511
525
535
553
568
582
596
612
620
635
647
657
671
682
692
702
710
719
727
735
743
751
758
765
770
775
782
788
792
797
800
805
808
811
816
820
824
828
831
835
837
840
842
845
847
850
852
856
858
861
863
865
866
868
870
871
872
873
874
875
877
878
879
879
881
881
881
883
883
883
883
884
884
885
885
885
886
887
886
886
886
886
886
886
886
886
885
885
885
884
884
884
883
882
881
880
880
879
878
876
876
875
873
873
870
869
868
867
865
863
861
859
858
856
853
850
848
846
843
840
837
835
832
828
825
821
814
812
807
801
797
793
787
783
774
768
762
757
749
743
736
725
717
705
698
691
681
672
656
644
635
622
607
594
576
560
546
534
509
497
477
459
441
423
402
378
354
326
306
287
264
237
213
186
158
129
104
75
142
575
530
