76
148
575
527
111
79
115
143
168
190
216
241
269
296
316
342
363
383
406
427
447
472
497
514
522
533
551
569
582
596
612
625
636
646
658
671
682
691
702
711
716
721
731
738
747
754
761
766
772
780
785
792
797
801
807
811
815
819
823
827
831
834
837
841
843
846
849
851
853
857
858
859
862
864
866
867
869
870
873
874
875
875
872
874
875
876
877
877
878
878
881
883
884
885
885
885
885
886
886
886
887
887
887
887
887
887
886
886
886
885
886
884
884
884
884
884
882
881
881
880
879
878
878
877
875
874
873
871
870
869
867
865
863
861
859
857
855
854
851
848
846
843
841
838
835
831
828
824
821
816
811
807
803
797
793
788
781
776
770
764
757
750
742
734
725
719
708
698
691
680
667
659
643
631
623
606
592
584
568
547
533
513
494
483
463
440
425
398
379
354
331
309
291
263
241
210
188
160
134
105
