79
112
140
166
192
216
246
271
291
314
336
361
379
403
428
449
469
493
513
524
535
551
567
584
599
610
624
633
645
658
671
683
693
701
711
719
726
737
744
751
758
766
772
777
783
788
793
800
805
809
813
816
821
825
829
833
836
839
842
844
846
849
852
855
857
858
860
863
863
863
865
866
869
869
871
872
873
874
876
876
877
878
879
880
880
881
882
883
884
884
884
885
884
885
884
886
885
885
886
885
885
885
885
885
884
882
882
882
882
882
882
880
880
880
879
878
877
876
875
873
871
871
869
867
866
864
867
864
862
859
858
855
853
852
848
845
843
839
836
835
829
825
822
819
814
810
806
801
798
793
787
781
774
768
759
753
747
742
732
721
716
706
698
690
675
670
657
639
632
619
606
589
574
563
547
527
509
490
471
455
437
422
399
371
347
327
305
284
261
237
211
184
155
127
101
74
142
573
535
106
