79
115
142
167
191
216
241
270
297
316
340
362
378
406
424
448
471
495
514
523
533
553
569
582
597
613
624
635
647
658
670
683
692
702
710
718
726
735
743
751
758
765
771
777
782
788
792
798
803
808
813
816
820
824
827
832
835
838
841
842
846
848
851
853
857
859
860
861
863
865
867
869
870
871
873
874
876
876
877
878
879
880
881
882
882
883
883
884
884
885
886
886
887
886
887
886
887
886
886
886
886
885
886
885
885
886
884
884
884
883
883
882
881
880
879
879
878
877
876
874
874
872
870
869
869
866
865
863
861
859
857
855
853
851
848
845
842
840
837
834
832
827
823
820
816
811
807
804
798
793
788
782
776
769
763
757
749
743
734
725
718
708
700
688
682
667
659
646
634
620
606
591
584
567
549
532
517
495
483
463
442
424
399
378
353
329
310
291
263
242
209
188
160
133
105
76
68
588
561
63
