78
142
209
259
313
368
420
472
516
565
598
634
670
703
731
760
788
811
830
847
861
875
888
900
909
918
925
930
936
940
944
947
949
952
952
953
953
954
953
953
952
950
949
949
948
946
943
943
940
939
937
936
935
932
931
928
926
925
924
921
919
918
916
914
913
912
911
909
908
907
905
905
902
901
900
899
897
896
896
895
895
893
892
893
891
891
890
890
890
888
888
889
887
887
886
886
885
886
888
888
887
888
886
887
887
887
889
887
888
888
890
890
892
891
891
892
892
893
894
895
896
898
899
900
900
902
902
905
906
907
909
910
911
912
914
916
918
919
922
923
925
926
928
930
932
934
935
936
938
940
942
944
946
947
947
949
950
951
951
952
952
952
951
951
950
948
945
943
940
935
930
925
918
910
902
890
877
863
846
829
811
790
768
740
708
676
640
606
569
529
483
442
384
327
272
222
168
118
763
446
