886
885
884
884
884
884
883
883
883
882
881
880
880
879
878
877
876
874
873
872
871
870
868
866
865
863
862
860
859
859
857
854
851
849
846
842
839
838
833
830
825
822
817
813
810
805
800
794
789
784
778
771
766
758
751
745
735
727
718
710
701
692
683
671
657
649
634
622
612
593
581
567
549
531
514
499
479
464
442
425
398
381
355
332
312
291
266
241
213
188
158
130
100
70
67
591
368
59
76
112
138
166
193
218
246
270
293
317
338
360
385
405
427
452
469
492
512
527
534
552
570
584
600
613
623
636
650
661
673
683
694
705
712
721
730
738
746
754
761
768
774
779
785
790
797
802
806
811
815
819
823
827
831
834
838
841
844
846
848
852
854
857
859
860
861
864
865
868
870
871
872
873
875
876
877
878
879
880
882
882
883
883
884
885
886
886
887
888
887
888
889
887
889
888
889
887
889
888
888
888
