795
790
786
784
784
786
786

7
785,782,779,774,769,764,759,754,747,742,737
728
721
714


6
691,683,675,666,658,647,638,629,617,607
594,586,576,566,555,544,533,523,511,500,490
474
460
445
430
419
410
399

1
381,374,363,352,341,331,318,309,298,288,275
261
250
239
229
219
209
202
189

0
1
163,155,147,140,133,124,116,109,102,95
87,84,78,73,68,63,60,56,53,49,47
42
41
39
39
38
38
38
38
38
40
41



45,48,51,55,60,64,69,73,78,82


101,109,116,124,130,137,146,154,164
1
183,193,202,210,219,228,240,251,262,273,284,294,304,317,330,343,357,369,380,3
400,412,424,438,450,462,472,482,493,504,515,526,537,549,558,568,575,585,593,603,6
624,633,641,648,656,664,673,683,695,701,708,714,721,728,735,742,747,752,758,760,764
7,772,777,780,783,784,786,787,789,790,788,788,786,785,783,780,778,777,774,771,768,7
759,754,749,743,737,730,725,719,714,707,699,691,682,673,664,657,648,638,630,6
606,597,589,580,570,559
552,559,572,581,590,598,608,619,631,641,650,659,667,675,684,693,702,709,716,722,7
732,739,745,750,755,760,765,770,774,776,778,779,782,785,788,789,791,792,792,7
790,789,788,785,783,779,775,770,766,763,760,755,749,744,737,729,723,715,708,702,6
685,674,666,657,650,643,634,626,615,607,596,586,578,569,561,550,538,527,516,504,493,
,472,462,450,438,425,411,401,390,381,371,359,345,331,318,306,294,285,274,263,2
2
229,219,211,202,192,184,174,164,153,145,137,129,122,115,109,101,94,88,82,
73,68,63,59,55,51,49,45,43,41,40,39,38,38,38,38,38,38,40,41,
46,49,52,55,59,63,68,73,78,83,88,95,101,109,117,124,133,141,149,157,16
74,183,194,204,213,222,232,242,252,264,276,289,300,309,320,330,342,353,365,375,3
395,404,412,423,434,451,464,479,490,499,512,522,533,543,555,566,576,587,596,608,6
630,639,648,660,668,676,684,692,701,708,718,725,731,738,743,749,755,761,766,7
776,780,784,786,788,788,787,786,785,789,792,796,797,794,793,790,789,788,784,781,7
773,769,763,758,751,744,735,729,726,722,718,712,705,697,688,679,668,657,647,639,6
618,609,597,587,575,566,557,546,534,522,510,499,486,476,464,452,439,427,414,403,3
380,368,356,344,331,319,309,297,287,277,266,256,244,233,222,211,202,193,183,174,1
155,147,138,130,123,116,109,102,94,90,83,79,74,67,63,59,55,51,49,
44,42,40,39,38,37,38,37,39,39,41,43,46,48,51,53,56,60,64,70,
80,86,91,97,105,112,120,127,135,142,150,158,166,176,186,197,207,217,227,236,247,2
269,281,292,303,312,323,336,348,361,373,385,397,408,420,432,445,458,470,482,493,5
515,527,537,549,560,571,581,589,598,608,619,632,640,651,659,666,675,683,693,701,7
716,722,727,732,739,745,751,756,761,766,769,773,776,778,779,781,785,788,789,7
792,793,792,790,788,787,786,782,779,774,769,766,762,760,755,750,745,738,730,723,7
708,703,695,685,675,666,658,651,643,635,625,616,605,595,585,577,569,561,551,5
5
517,505,495,482,473,463,451,439,425,413,400,390,381,370,359,346,332,318,305,294
3,274,262,250,240,227,218,210,202,193,184,175,164,154,145,137,130,122,115,108,101,
87,83,78,74,67,62,58,54,52,48,46,44,41,40,38,38,36,37,37,38,
40,43,44,46,49,51,55,59,64,68,74,78,83,89,94,101,109,116,124,1
141,149,157,165,175,183,192,203,213,223,232,241,253,264,277,289,300,311,320,331,3
353,364,374,384,394,403,411,422,435,449,465,479,490,501,511,522,532,543,554,566,5
5
597,607,617,629,639,649,659,669,676,684,691,700,709,717,724,731,737,744,749,7
762,767,771,777,781,784,786,788,788,787,785,785,785,792,796,795,795,791,791,789,7
786,782,778,772,768,763,757,751,743,736,728,726,722,717,712,704,697,689,679,6
656,648,639,629,618,608,597,587,576,566,557,547,534,523,509,498,486,474,463,450,4
427,414,404,391,380,367,355,343,331,319,309,297,287,277,266,255,244,232,222,211,2
193,183,174,164,155,146,137,130,124,116,109,102,96,89,83,77,72,68,63,59,55,
49,47,44,42,41,38,38,37,36,38,39,41,40,42,45,46,50,51,57,
64,70,75,81,86,92,97,103,111,118,127,134,143,150,159,168,177,188,198,207,2
226,236,245,257,268,279,291,303,313,323,336,348,361,375,385,397,407,419,432,443,4
469,481,493,503,515,526,538,549,561,572,581,591,598,608,618,630,640,649,659,667,6
684,693,703,709,717,723,727,733,739,745,750,755,761,766,770,772,776,778,779,782,7
789,790,791,792,792,792,789,788,786,785,782,778,775,770,766,763,760,755,749,7
737,729,723,715,709,702,695,686,675,666,657,651,642,634,626,615,606,594,586,577,5
560,549,538,526,515,504,493,482,472,462,451,438,426,413,402,391,382,371,358,346,3
318,306,294,284,273,263,250,238,227,217,209,201,193,184,174,165,154,145,137,1
123,116,109,101,94,87,81,77,72,67,62,59,54,52,49,46,44,42,41,38,37,
36,37,38,39,41,42,45,47,50,52,55,58,62,67,72,78,84,90,96,1
1
116,125,133,141,149,156,164,173,182,193,202,214,222,232,242,253,265,277,290,3
310,321,331,342,352,365,374,384,394,403,411,421,433,450,465,479,490,502,512,523,5
544,556,567,577,587,596,607,617,629,638,649,659,668,676,684,692,700,708,717,724,731,7
744,749,754,761,766,771,776,780,784,787,789,789,786,785,784,786,791,795,795,7
791,790,789,787,784,781,776,773,768,763,758,751,744,737,730,726,722,717,712,704,6
688,678,668,656,648,639,629,620,608,597,588,577,567,557,546,535,522,509,498,486,4
462,452,438,427,415,404,391,380,369,356,345,332,320,310,298,287,276,265,254,2
2
222,211,202,192,184,173,164,155,147,139,131,125,117,110,102,95,90,83,78,
68,63,58,55,51,49,47,45,42,40,39,37,37,37,38,38,39,41,43,46,47,
53,56,60,63,70,75,80,86,91,97,104,111,119,127,134,142,151,158,167,177,1
197,207,218,226,236,247,257,269,281,292,303,312,323,335,348,361,373,385,397,4
420,433,445,457,471,482,494,505,515,527,536,550,561,571,580,589,599,608,619,631,6
651,659,668,675,685,693,702,709,715,722,726,732,739,744,750,755,761,766,770,774,7
779,781,782,785,787,789,790,791,792,791,790,788,788,785,783,780,775,771,766,763,7
756,751,745,739,729,722,715,708,703,695,686,674,666,658,650,643,634,626,616,605,5
587,578,568,560,550,538,527,515,505,494,483,474,462,452,438,425,413,401,390,3
369,358,344,332,318,306,294,285,274,263,252,240,229,219,209,201,192,184,173,163,1
145,137,130,124,116,109,102,95,89,82,77,72,67,63,58,55,51,49,47,45,
40,39,37,36,37,37,38,39,41,42,44,47,49,52,54,59,63,67,74,79,
90,96,102,108,116,124,132,139,147,156,163,174,181,193,203,214,224,232,242,2
265,277,289,302,310,320,331,342,352,364,375,384,394,404,412,422,433,449,464,478,4
500,511,522,534,544,555,568,577,587,597,608,618,630,639,648,659,668,675,684,691,7
709,718,724,730,738,743,749,756,761,766,771,777,780,785,788,789,789,787,785,784,7
792,796,796,793,792,791,789,788,785,782,777,773,769,763,759,751,744,737,729,725,7
717,712,704,696,687,679,668,657,648,640,631,620,609,597,588,578,567,558,546,5
522,509,499,486,475,462,451,438,427,415,403,392,380,369,357,344,333,320,310,298,2
278,266,255,243,231,222,210,202,192,183,174,165,156,147,139,132,124,117,109,1
94,89,82,78,74,68,65,59,55,52,48,46,44,43,40,40,39,38,38,37,38,
40,43,45,48,51,54,56,60,65,69,75,80,86,92,98,105,112,120,127,134,1
151,158,167,177,186,196,207,215,226,236,247,257,268,282,293,303,313,324,336,3
361,373,385,397,407,421,432,445,458,470,482,495,506,515,526,538,550,560,571,581,5
598,608,618,630,640,651,660,667,676,684,694,703,710,717,722,727,732,739,744,750,7
760,767,770,774,777,778,781,782,785,787,789,791,791,792,791,789,788,787,785,782,7
775,770,766,763,760,755,750,745,738,730,723,716,708,702,695,685,675,665,657,650,6
634,625,616,606,595,587,578,570,561,551,539,528,517,504,494,482,473,462,450,438,4
413,402,391,381,369,358,344,331,318,306,295,284,274,264,251,240,229,218,209,2
1
183,174,163,154,145,138,131,124,117,109,102,95,87,81,76,73,68,64,60,
51,48,46,44,41,40,39,38,38,39,37,37,39,40,43,44,47,50,53,56,58,
67,72,78,83,90,96,102,108,116,125,132,141,147,156,164,173,182,192,204,213,2
232,242,254,264,278,289,302,312,320,330,342,353,365,374,384,394,403,412,422,4
449,465,479,491,501,512,524,534,544,556,567,577,586,597,607,618,629,638,649,658,6
676,684,692,700,709,717,725,731,738,745,749,756,761,766,771,776,779,783,787,788,7
788,786,786,788,792,797,797,795,792,791,789,788,785,781,777,772,769,763,758,752,7
738,731,726,722,717,712,704,697,688,678,669,656,648,639,629,619,609,598,587,577,5
558,548,535,523,509,498,486,474,463,451,439,427,415,403,392,381,368,357,345,3
321,309,297,287,278,267,254,244,231,222,211,202,193,183,175,165,156,148,140,133,1
117,110,102,95,89,82,77,73,68,63,60,55,53,49,47,44,42,40,38,39,
39,39,38,40,40,42,45,48,51,54,57,61,65,70,74,80,85,92,98,105,1
120,127,135,143,150,158,167,176,186,196,206,217,225,236,247,258,269,281,292,303,3
324,336,348,361,374,385,397,407,419,432,444,459,471,482,494,505,516,527,538,5
560,571,581,590,599,608,619,631,642,651,660,667,675,684,693,702,709,716,722,727,7
739,746,751,756,761,766,770,774,777,778,780,782,784,787,789,791,792,792,792,790,7
788,787,783,779,775,770,767,762,759,754,749,745,737,730,723,716,710,703,696,685,6
666,657,650,641,634,625,615,605,595,587,578,570,562,551,538,527,515,504,493,482,4
462,451,439,426,413,402,391,381,370,358,345,330,317,304,294,284,273,264,250,2
2
218,210,201,193,184,175,165,154,146,137,130,122,116,108,100,94,88,83,78,
68,62,58,53,51,48,46,45,43,40,38,38,37,36,37,38,39,40,43,45,47,
52,55,58,63,68,74,79,84,90,95,101,108,115,124,132,140,148,155,165,174,1
193,204,214,223,234,242,254,264,276,288,300,310,319,330,341,353,366,375,385,3
404,413,423,436,449,465,479,489,500,511,522,532,544,556,567,577,587,597,608,618,6
640,650,661,668,676,683,692,699,708,718,724,731,737,745,749,756,762,766,772,7
780,785,788,790,789,787,786,784,788,791,797,795,794,792,790,790,788,786,781,777,774,
,765,759,752,745,737,731,725,722,717,712,704,696,688,678,669,658,648,640,630,6
609,597,588,576,567,557,546,534,521,509,498,487,475,464,452,440,429,415,404,391,3
370,357,345,331,319,308,296,286,276,266,255,243,232,223,212,203,193,183,174,1
154,147,138,131,124,116,110,102,95,90,84,79,72,69,63,59,55,52,49,46,
42,40,39,37,38,37,37,39,40,41,43,46,47,50,52,55,61,65,71,76,80,
91,97,103,111,119,127,134,143,151,159,168,177,188,198,208,217,225,236,246,2
268,280,292,303,311,323,336,350,361,374,386,398,409,421,432,444,458,470,482,493,5
516,526,538,548,560,572,582,590,599,608,620,631,641,651,659,667,675,685,692,7
709,717,723,726,733,739,745,751,756,761,766,770,773,776,778,779,782,784,787,789,7
792,793,792,790,789,788,785,783,779,775,769,766,763,759,755,750,745,738,730,724,7
7
704,696,686,674,666,656,650,642,633,625,616,605,596,587,579,569,561,551,539,5
516,505,493,482,472,461,451,438,427,413,402,392,382,370,358,345,331,318,305,293,2
272,262,251,239,228,218,210,202,193,185,175,164,155,146,137,130,123,115,108,100,
87,81,78,73,68,63,58,54,50,48,46,44,42,41,40,38,37,37,37,37,
39,42,45,47,50,52,55,59,62,67,73,79,84,89,96,101,109,117,125,133,1
148,155,164,173,182,192,203,214,223,233,242,254,266,277,289,301,310,320,330,342,3
365,375,385,394,403,412,422,434,450,464,479,490,501,512,523,534,544,556,567,5
587,596,608,617,629,639,648,659,668,677,684,692,701,708,718,725,731,738,744,749,7
761,766,771,777,779,783,786,789,789,787,785,785,787,793,797,796,794,792,790,789,7
785,781,777,774,769,764,759,752,744,737,730,725,721,717,711,704,696,689,679,670,6
648,641,631,620,610,598,588,576,567,557,546,535,521,509,497,485,474,463,452,440,4
416,404,393,381,370,357,346,331,319,309,296,287,277,265,254,243,232,221,212,2
1
184,174,165,155,147,139,131,125,117,110,102,95,89,82,78,73,68,64,59,
52,50,47,45,43,40,39,38,38,37,37,38,39,41,43,46,48,50,53,56,60,
69,75,80,87,91,98,105,111,120,128,135,143,150,158,167,177,186,197,206,217,2
236,247,257,269,281,292,304,314,324,335,348,362,373,385,397,408,419,432,445,4
471,482,495,505,516,527,538,550,560,572,581,589,599,608,619,630,640,650,659,667,6
684,693,702,710,716,723,728,733,740,745,752,757,761,766,769,773,776,778,780,782,7
787,790,791,792,793,792,791,789,788,786,783,780,775,771,766,763,759,755,750,7
737,730,724,716,708,702,695,685,675,666,658,650,643,635,626,617,606,596,586,578,569,5
550,538,527,514,504,494,482,473,463,452,439,427,414,401,392,381,370,358,344,331,3
305,293,283,273,262,252,240,228,218,210,203,193,185,174,164,154,145,137,129,1
115,107,101,93,88,83,78,73,67,63,58,54,50,47,46,44,42,40,39,38,
37,36,37,38,40,42,44,48,50,53,55,59,63,67,72,77,83,89,95,102,109,1
125,133,140,148,156,164,174,182,193,204,214,223,232,243,254,265,277,288,300,3
320,331,342,353,364,375,384,394,403,412,421,433,450,464,478,490,500,511,523,533
538,534,521,510,500,489,477,465,448,433,420,411,401,392,384,374,363,351,340,329,3
310,299,288,277,264,253,242,232,222,213,203,192,183,173,164,154,147,139,132,1
1
108,101,95,90,84,79,73,68,64,58,55,52,49,47,44,43,40,40,39,38
,38,40,40,40,42,44,45,48,51,54,60,64,69,73,77,83,87,94,100,108,1
123,130,137,145,154,164,174,184,194,201,210,219,229,240,251,263,274,284,295,3
3
330,345,358,369,381,390,400,412,424,438,451,462,472,483,493,504,515,525,537,5
559,569,576,585,594,603,614,625,634,641,649,656,665,674,684,695,701,707,714,722,7
735,743,748,753,758,761,765,768,773,777,781,784,785,787,787,789,789,788,788,786,7
782,780,778,776,775,771,768,764,759,754,748,743,737,730,725,720,715,707,701,693,6
674,666,658,648,638,629,616,607,596,588,579,570,560,548,538,526,513,502,491,481,4
457,443,431,417,406,396,385,373,361,348,336,322,313,302,291,279,267,256,245,2
226,215,206,196,187,177,168,158,151,144,135,127,119,111,104,96,92,85,80,76,
65,60,57,53,49,47,45,44,41,41,39,38,39,37,38,39,41,43,45,47,

55,59,64,68,74,79,85,89,95,102,108,116,125,132,140,149,157,165,174,1
194,202,211,222,232,243,255,265,278,287,298,309,320,331,344,355,368,380,392,403,4
427,440,451,464,475,486,498,508,520,533,544,556,565,576,586,597,608,618,629,639,6
657,668,678,686,695,702,711,715,720,724,727,735,742,750,757,762,767,771,775,7
783,787,788,789,789,792,794,793,790,784,783,783,785,787,786,785,782,778,774,769,7
758,754,747,742,736,727,722,715,707,698,690,682,674,667,658,647,637,627,616,605,595,5
575,565,553,542,531,521,510,499,489,477,465,449,433,421,410,401,392,383,373,3
353,341,330,319,310,300,289,277,263,252,241,230,222,212,203,193,183,175,164,157,1
141,133,125,117,109,102,95,89,83,78,74,68,64,59,56,53,49,47,45,42,
38,38,38,39,37,38,39,40,41,43,46,48,52,56,60,64,69,73,77,82,
94,100,109,117,124,131,139,146,155,164,174,184,193,202,210,218,228,239,251,262,2
285,296,306,318,330,343,357,370,380,392,401,413,424,438,450,463,474,482,492,5
5
527,538,550,559,568,575,585,594,604,615,625,634,642,649,657,664,673,683,694,7
7
715,722,727,735,743,748,753,759,761,765,768,772,777,780,783,785,786,789,790,7
790,789,788,786,783,780,779,777,774,771,767,763,758,753,748,743,737,730,726,720,7
708,701,693,682,673,665,657,648,638,629,617,606,596,588,580,570,559,549,537,526,5
504,492,482,469,457,444,431,418,406,395,384,372,361,346,335,322,312,302,291,280,2
257,247,235,227,216,207,197,187,176,167,158,150,141,135,126,119,112,105,97,92,
81,75,70,64,60,56,54,51,48,46,44,41,40,39,37,37,38,39,40,41,
45,48,49,52,56,59,64,67,73,79,84,91,95,102,109,116,125,131,139,146,1
164,175,184,194,203,212,223,233,244,255,265,277,286,297,308,320,331,343,355,369,3
392,404,416,427,440,451,464,475,486,498,509,520,534,544,556,565,575,586,595,6
618,628,639,647,657,667,678,686,696,703,711,716,721,724,728,735,742,748,756,761,7
770,775,780,783,786,788,789,790,792,795,794,791,786,785,785,785,787,787,785,782,7
775,769,764,759,753,748,742,736,729,723,716,706,699,691,683,674,665,657,646,6
627,616,606,594,585,575,565,555,542,532,521,511,499,489,477,463,449,433,420,410,401,
,382,373,363,352,341,330,319,310,300,288,277,265,253,243,231,222,213,203,193,1
1
164,155,148,139,132,124,116,108,100,95,90,85,79,74,69,63,59,55,52,
47,45,42,41,40,39,38,37,38,37,38,39,43,44,46,50,52,55,60,63,
72,77,82,88,94,101,109,117,126,131,139,146,155,164,174,184,193,201,210,218,228
8,250,262,274,285,294,306,318,330,345,358,371,381,391,401,412,424,437,450,461,4
483,492,503,514,527,537,550,560,568,578,586,595,604,614,625,633,641,648,655,664,6
684,694,701,707,714,722,727,736,743,748,754,758,762,764,768,772,777,781,783,7
786,788,790,790,789,788,787,785,782,780,778,777,774,771,768,764,760,754,749,743,7
731,725,721,714,707,700,691,682,672,665,657,649,639,629,618,607,597,589,580,571,5
548,538,526,513,503,492,480,468,457,443,431,417,407,396,385,373,362,349,335,323,3
303,292,281,268,257,246,234,225,216,206,196,187,177,168,158,151,144,136,128,120,1
105,98,91,86,80,74,70,65,61,58,54,52,48,46,43,41,39,38,39,38,
38,40,41,43,46,48,49,51,55,59,64,68,73,79,84,90,96,102,110,1
125,132,139,148,155,164,174,183,194,201,211,221,232,243,255,266,277,288,298,309,320,3
345,356,369,381,392,403,415,427,439,450,463,474,485,497,509,521,534,545,557,566,5
587,597,607,618,628,640,647,657,667,677,687,694,702,710,715,720,724,728,735,7
750,757,763,767,771,776,780,784,786,788,788,789,792,793,794,789,784,783,784,786,7
788,785,782,778,774,769,764,760,754,746,742,735,729,722,715,706,698,690,682,6
666,658,648,638,628,617,605,595,584,575,564,554,542,531,521,509,498,487,476,464,4
434,420,411,402,393,384,374,364,353,342,331,319,310,299,288,276,264,252,241,230,221
3,204,193,184,174,165,156,149,141,132,124,116,109,101,94,90,84,80,73,67,
58,55,52,49,47,44,43,41,40,39,39,38,38,38,38,41,42,45,47,49,
54,60,63,68,73,77,82,87,94,101,109,117,124,131,138,146,155,165,175,184,
,202,211,218,229,239,250,263,273,283,294,305,318,330,345,358,370,381,391,402,412,4
438,450,462,471,482,492,503,514,525,538,549,560,568,576,586,595,605,614,625,634,6
650,657,665,672,683,695,700,707,713,721,727,735,742,747,752,758,761,765,767,7
777,781,784,785,787,788,790,790,789,789,787,786,782,779,777,775,774,771,768,763,7
754,749,743,738,731,725,720,715,708,701,692,682,673,665,657,648,638,629,617,6
595,589,580,570,559,548,537,525,513,503,492,482,469,457,443,431,418,406,396,383,3
360,347,335,321,311,301,291,280,268,257,247,236,226,217,207,196,187,176,168,158,149,1
134,127,119,111,104,96,91,86,81,76,71,66,62,57,53,51,48,45,43,
40,38,39,39,39,39,39,41,42,44,47,48,52,56,60,65,69,75,78,84,
95,102,109,116,125,131,139,147,156,164,175,184,194,202,212,224,233,243,255,265,2
286,298,309,320,331,344,356,369,380,391,403,415,426,438,449,463,475,486,498,509,5
534,545,557,565,576,586,596,607,619,628,638,647,656,666,677,686,694,702,711,716,7
725,728,735,742,750,756,762,768,771,775,779,782,785,787,788,789,792,793,794,790,7
783,784,785,787,786,785,781,778,774,769,764,759,754,747,742,736,728,722,714,7
698,690,682,674,665,656,646,637,627,617,606,595,585,575,565,554,543,532,522,511,4
489,477,465,449,433,420,410,402,393,383,373,362,352,340,329,317,309,300,288,277,
,253,242,231,223,213,204,194,184,174,165,156,148,140,133,124,116,108,101,94,89,
78,72,68,63,59,56,53,50,47,45,42,39,39,39,38,39,38,39,39,40,
43,46,48,51,54,58,64,68,74,78,82,87,94,102,109,117,125,132,139,1
155,164,175,184,193,201,209,218,228,238,251,261,274,284,294,305,318,331,344,358,371
1,391,402,413,424,438,450,461,472,482,492,503,514,525,536,549,560,569,576,585,595,6
615,626,633,642,649,657,664,674,684,694,701,706,714,721,727,735,742,748,752,7
760,764,768,772,777,780,784,786,786,789,789,790,789,789,788,785,783,779,777,776,7
772,768,764,759,753,748,743,737,730,725,721,714,707,701,692,682,674,666,658,6
6
631,618,607,597,588,579,570,558,547,536,526,512,502,491,480,468,456,444,431,4
407,396,385,372,361,348,335,323,313,303,291,280,268,256,246,234,226,215,206,196,1
176,166,158,150,142,135,127,120,111,105,98,92,86,80,76,70,64,60,55,53,50,
45,43,41,40,40,39,38,38,38,39,40,42,44,46,49,52,57,60,64,
73,78,82,88,94,102,110,116,125,132,140,147,156,166,175,184,194,202,211,222,2
242,254,266,277,286,296,308,318,330,343,355,369,379,392,403,415,427,439,451,463,4
487,497,509,520,533,544,556,565,575,586,595,606,618,628,638,647,656,667,678,687,6
703,710,716,721,724,728,734,742,749,756,761,766,771,774,779,782,785,787,788,790,7
795,795,790,787,783,784,785,786,786,784,781,777,774,768,763,758,752,746,741,735,7
722,715,706,698,689,682,674,666,657,646,638,628,617,606,595,585,575,564,554,5
5
522,511,499,488,476,463,449,432,420,411,401,392,382,374,364,352,341,329,319,3
300,289,276,265,252,242,232,223,214,204,194,184,174,165,155,148,140,132,124,116,1
101,95,89,83,78,72,68,63,60,56,53,50,47,45,42,40,38,37,37,36,
38,39,40,42,44,46,49,51,55,59,63,68,72,78,82,87,94,101,109,116,1
131,138,146,155,165,175,185,193,201,210,218,229,239,250,262,273,284,293,305,317,3
343,357,370,380,390,400,412,425,438,450,462,473,483,493,504,514,526,537,548,5
567,577,585,594,604,614,624,632,641,648,655,664,672,683,694,701,708,714,722,727,736,7
748,754,758,761,764,767,772,776,781,783,785,786,787,790,790,790,788,787,786,782,7
778,777,775,771,768,763,759,753,748,743,737,730,724,719,714,706,701,691,683,6
666,658,649,639,630,618,607,596,588,579,571,558,547,535,525,514,503,492,481,469,4
444,432,419,408,397,384,373,361,348,335,321,311,301,291,278,268,257,246,236,226,2
206,197,188,176,168,157,150,142,134,127,119,111,104,97,92,86,80,75,70,65

57,54,51,48,46,44,42,41,39,39,38,38,38,38,41,43,46,47,50,53,
60,63,68,73,78,83,89,95,102,110,117,125,132,140,149,156,166,175,184,194,2
212,223,232,243,254,265,276,286,297,307,320,331,344,356,369,381,392,404,415,427,4
450,464,474,485,497,508,520,533,545,556,566,576,586,596,607,618,628,639,647,6
6
678,688,696,703,711,715,721,724,728,735,742,749,756,762,767,771,776,779,784,78
88,790,790,793,794,794,790,786,783,784,786,787,787,786,783,779,775,770,765,760,754,7
743,737,729,723,715,707,698,690,683,675,667,658,649,638,629,618,607,597,586,577,5
556,544,533,522,511,500,489,477,465,448,433,421,412,403,394,385,375,365,354,3
332,321,312,300,289,278,264,253,242,232,223,213,204,193,184,174,165,156,149,142,1
126,117,110,103,96,92,85,80,74,68,63,59,56,54,51,49,46,45,42,41,
38,38,38,39,39,42,43,46,48,50,54,56,60,64,68,74,78,84,89,96,1
110,118,124,132,139,146,155,164,175,185,194,203,211,220,230,241,252,263,275,284,2
306,319,331,344,358,371,382,391,402,414,426,440,452,463,474,484,493,504,515,526,5
550,561,569,576,586,594,604,615,626,634,642,650,657,665,674,684,696,701,708,7
722,729,736,743,748,754,759,762,766,769,774,779,782,785,786,787,788,790,791,789,7
787,786,783,780,779,777,775,771,768,765,759,755,749,744,738,731,727,721,716,709,702
3,683,675,666,658,649,639,630,618,608,596,588,580,571,560,549,538,527,514,505,4
482,470,458,445,432,419,407,396,385,372,361,347,336,323,313,303,293,281,270,258,2
236,227,218,209,198,188,178,169,159,150,143,135,127,120,111,104,97,92,86,81,
72,67,62,58,55,51,49,45,44,41,41,40,40,40,39,40,41,42,44,45
,50,53,57,61,65,70,75,79,84,90,96,104,110,118,126,133,142,149,158,166,1
186,196,204,213,223,233,243,256,266,279,287,298,309,320,332,345,357,370,381,393,4
417,428,441,451,465,476,487,499,511,522,535,546,557,566,577,587,597,608,618,6
639,648,658,667,679,687,696,703,711,717,722,726,729,736,744,750,758,763,768,773,7
780,784,787,788,789,790,792,795,795,791,786,785,785,787,788,788,786,783,779,776,7
765,761,755,749,743,738,730,723,716,707,698,690,683,675,666,657,647,638,629,618,6
596,586,576,566,555,544,534,523,512,500,491,478,465,449,433,421,411,402,394,384,3
364,353,341,331,320,310,301,289,277,266,254,243,231,223,213,204,193,183,174,165,1
147,140,134,125,117,110,103,96,91,85,79,74,68,63,59,55,53,50,48,45,
41,39,38,38,38,39,39,41,41,43,45,46,49,51,55,60,65,69,73,78,
88,94,101,109,116,124,130,138,145,155,164,174,185,194,203,211,219,228,239,251,2
274,284,294,305,318,330,344,357,371,382,392,402,413,425,438,450,462,472,482,492,5
514,526,536,549,559,568,577,585,594,604,614,625,633,642,649,656,664,673,683,6
701,707,714,721,728,736,743,748,753,758,761,764,768,772,777,780,783,785,786,788,7
790,790,789,788,786,783,780,778,777,774,771,767,763,759,753,748,743,737,730,725,7
715,708,701,693,683,673,667,658,649,639,629,618,606,597,588,579,570,559,549,5
526,514,504,493,481,470,457,444,432,417,407,396,384,372,360,348,336,323,313,303,292,2
270,258,247,236,226,217,206,197,186,176,166,158,151,143,136,128,120,112,105,99,
87,81,76,71,65,61,56,54,51,49,46,44,43,40,39,39,38,39,38,
41,43,46,48,51,52,56,59,64,68,74,79,84,91,96,103,110,117,125,132,1
148,155,165,174,183,193,202,212,222,232,243,255,266,277,288,298,309,320,332,344,3
3
380,392,404,416,427,439,450,462,474,487,497,508,521,534,545,557,566,576,587,5
607,619,629,639,647,658,668,678,687,694,703,710,715,720,724,728,735,742,750,757,7
768,773,776,780,784,786,788,789,789,793,794,795,790,785,785,783,786,786,787,784,7
778,774,770,763,760,754,747,743,736,729,723,716,707,699,691,682,675,667,658,6
637,629,616,606,595,584,575,564,554,543,533,522,511,500,490,478,464,449,434,421,4
401,394,384,374,364,352,341,329,319,310,299,289,277,265,254,242,232,222,213,203,1

83,174,164,155,148,140,133,126,117,110,103,96,90,85,79,74,68,63,60,57,
51,48,46,42,41,40,37,38,37,38,39,40,42,42,44,46,48,51,55,60,
69,74,79,84,89,96,101,110,117,124,131,138,146,154,164,175,184,194,202,211,2
229,241,251,263,274,285,295,305,318,330,344,358,371,381,392,402,413,425,439,451,4
472,483,492,504,515,526,537,549,560,569,577,586,595,605,615,626,634,642,649,656,6
674,684,695,701,707,714,722,727,735,743,748,754,758,761,766,768,773,777,781,784,7
787,788,790,790,789,789,787,786,783,781,779,777,775,772,769,764,760,754,749,7
737,731,725,720,715,707,700,691,683,674,665,658,649,639,629,618,607,596,589,579,5
559,547,537,525,513,503,492,482,469,458,444,433,419,408,397,385,373,362,347,336,3
312,302,291,279,268,257,246,236,227,217,207,197,189,177,169,159,151,144,135,128,1
112,106,97,91,85,80,76,70,66,62,58,54,52,48,46,44,42,41,39,39,
39,39,41,42,43,46,47,50,53,56,60,63,68,75,79,84,90,96,102,110,1
126,133,140,148,157,165,175,183,194,202,212,223,233,244,255,266,279,287,298,3
321,332,345,356,369,381,392,404,415,427,439,450,464,474,487,499,509,522,535,546,558,5
