793
791
789
787
785
781
780
779
777
773
770
764
760
755
750
744
740
733
727
722
716
708
701
691
682
674
666
659
650
640
630
616
608
598
590
580
571
560
549
537
526
515
503
493
481
470
457
444
433
4

4
4


3
3
3
3
3
3
3
296
2
2
2
2
2
2
2
2
2


1
1
1
1
1
1
1
1
1
1
1





































1
1
1


1
1
1
1
1
1
1
1
2
2
2
2
2
2
2


2
3
3
3
3
3
3
3
3
3


4
4
4
4
4
4
4
5
5
5
5
5
5
5
5


6
6
6
6
6
6
6
6
6
6
6
7
7
7
7
7
7
7
7
7
7
7
7
7
7
7


7
7
7
7
7
7
7
7
7
7
7
7
7
7
7


7
7
7
7
7
7
7
7
7
7


7
7
7
6
6
6
6
6
6
6
6
6
6
5
5


5
5
5
5
5
5
5
4
4
4
4
4
4
4
4


3
3
3
3
3
3
3
3
3
2


2
2
2
2
2
2
2
1
1
1
1
1
1
1
1


1
1
1






































1
1
1
1
1
1
1
1
1
1


1
2
2
2
2
2
2
2
2
2


3
3
3
3
3
3
3
3
4
4
4
4
4
4
4


4
5
5
5
5
5
5
5
5
5
5
6
6
6
6
6
6
6
6
6
6
6
7
7
7
