75
149
576
543
105
78
116
141
166
191
216
241
270
295
315
342
361
384
405
426
451
470
496
514
523
533
553
569
584
596
614
624
635
646
658
671
683
691
703
710
717
725
735
743
751
759
765
771
777
783
787
793
799
804
809
813
816
821
824
828
832
836
838
842
843
847
849
851
854
856
859
860
862
864
865
866
869
870
871
873
874
876
876
877
879
879
881
882
882
883
883
883
884
884
885
885
886
886
887
887
887
887
887
887
887
887
886
887
887
886
886
886
884
884
885
884
883
882
881
880
880
879
878
876
875
874
874
872
872
869
868
866
863
862
860
859
856
854
852
849
846
844
840
838
835
832
828
824
821
817
813
808
804
799
794
788
784
777
770
765
758
750
743
735
726
719
708
700
693
682
668
661
644
635
622
606
592
584
569
547
532
517
495
481
459
440
424
398
379
355
330
310
290
264
240
210
188
159
132
105
